 ResID SubID
     1     1
     3     3
     2     2
     8     9
    14    18
     9    12
    10    14
    13    17
    15    19
    17    22
    22    29
    27    35
    26    33
    19    25
    21    28
    23    30
    30    44
    34    55
    16    20
    24    31
    29    41
     4     4
     6     6
     5     5
     7     8
    11    15
    12    16
    18    23
    20    26
    25    32
    28    40
    32    52
    31    51
    33    53
    35    56
